0001 58.13496932515337
0002 57.11986863711002
0003 55.91113381001024
0004 52.01103057043807
0005 55.24571428571438
0006 50.87034659820282
0007 60.56905430711609
0008 54.62485779294654
0009 51.71265189421013
0010 56.950396825396886
0011 61.49324324324324
0012 42.54901960784315
0013 59.515923566878904
0014 62.31809242871188
0015 58.13496932515337
0016 52.61166017769784
0017 54.62485779294654
0018 51.384615384615344
0019 61.49324324324324
0020 46.4790310918294
0021 62.52297702297704
0022 54.94492998778305
0023 49.056175729204135
0024 61.49324324324324
0025 52.121212121212075
0026 52.479431721798115
0027 50.72413793103445
0028 61.27964205816552
0029 78.66250000000007
0030 62.31809242871188
0031 51.66586646661661
0032 56.950396825396886
0033 49.46741765293024
0034 65.12409812409813
0035 60.84768211920535
0036 61.86803278688515
0037 51.956521739130444
0038 61.609182736455466
0039 62.31809242871188
0040 51.586666666666645
0041 51.98417312661495
0042 54.62485779294654
0043 46.24183006535944
0044 61.06444444444452
0045 54.00682153392325
0046 46.11295965171422
0047 61.49324324324324
0048 51.37942652822666
0049 57.206257877143905
0050 56.22612085769984
